[UC Santa Barbara    113.071    115.537    0.4383    10-Jul    10    17    54.7    54.7    39.6    47.7    18.8    17.6    31.8    27.8    64.6415    52.8    54.6    38.1    36.6    0    0    57.7    51.2    43.6    37.4    64.6415
Arkansas Pine Bluff    105.413    115.015    0.268453    06-Nov    6    17    47.4    54.7    33.8    47.1    19.6    14.4    28.5    35.3    71.9342    46.9    55.3    32.2    35.8    0    0    55.3    57.8    37.8    38.8    71.9342
Toledo    113.073    113.699    0.484135    10-Aug    10    18    52.1    56.3    35.4    25.7    15.3    18.6    32    34.6    69.1709    51.9    57.9    35    35.9    0    0    52.9    52.8    32    40.4    69.1709
Indiana    124.558    100.393    0.922754    12-May    12    17    57.1    45.6    38    36.9    15.7    16.7    30.2    28.3    68.1678    60.2    46.1    36.1    29.8    0    0    65.6    43.6    50.6    35.7    68.1678
Louisiana    96.9025    110.772    0.17678    Apr-15    4    19    46.6    51.6    27.7    48.3    19.1    17.8    27.3    31.6    63.2297    45.6    50.2    31.9    36.1    0    0    47.5    53.5    43.5    36.7    63.2297
Central Michigan    102.691    116.086    0.196243    May-13    5    18    48.4    55.8    29    42.5    17.7    16.3    28.2    35.8    66.6722    51.1    56.1    28.7    36.9    0    0    54.3    61.6    34.2    40.1    66.6722
Brown    97.9783    104.367    0.325981    06-Sep    6    15    47.7    48.7    26.4    31.7    19    18.8    29.2    31    67.0362    46.7    50.5    32.9    30.4    0    0    59    52.4    37.7    38.4    67.0362
Wright St.    114.387    107.294    0.676161    12-Jul    12    19    55.1    51.4    35.2    36.4    17    17.5    31.9    31.8    65.9593    54.5    52.3    37.5    33    0    0    47.9    43.9    34.5    33.1    65.9593
UC Irvine    104.994    99.5137    0.649429    12-Jun    12    18    48.7    44.9    39.7    28.7    17.5    18.3    29.6    33.2    68.2693    47.4    41.9    34.5    33.8    0    0    55.7    51    29.8    33.4    68.2693
Montana    107.927    108.733    0.478632    09-Aug    9    17    54.8    50.5    39.7    30.9    20    14.4    22.6    32.5    70.1733    55.9    52.5    35.5    31.4    0    0    58.1    49.9    42    35.7    70.1733
UAB    112.037    106.04    0.653095    12-Jun    12    18    49.2    49.3    37.3    32.1    12.8    16.7    34    26.1    70.0352    51.4    49    29    33.1    0    0    49.9    53.5    28.5    40.1    70.0352
Tulane    108.603    110.478    0.450954    12-May    12    17    50.3    51.2    43.1    33.8    14.9    17.9    23.9    35.1    66.0535    52    50    32    35.4    0    0    54.1    56    44.1    40.4    66.0535
FIU    111.813    110.345    0.537913    09-Aug    9    17    51.4    53.1    37.4    34    16.7    20.1    34.6    37.7    71.8984    51    53.4    34.7    35.2    0    0    53.9    63.9    34.2    45.9    71.8984
BYU    123.562    98.6229    0.930378    16-Jan    16    17    56.6    46.5    37.3    24.8    15.3    18.1    35.9    29    70.9294    58.7    47.6    35.7    29.9    0    0    51.2    54.1    40.9    40.2    70.9294
Illinois Chicago    107.684    106.885    0.521399    08-Oct    8    18    47.1    49    37.6    37.7    18.7    19.8    37.4    36.6    66.5103    49    50.1    29    31.7    0    0    51.4    66    33.4    44.1    66.5103
Xavier    112.868    104.841    0.700239    11-Jul    11    18    50.3    52.1    27.7    33.6    13.3    17.5    27.4    27.6    70.4785    47.9    53.8    35.8    32.8    0    0    68.9    66.1    42.3    36.4    70.4785
Charlotte    112.45    113.344    0.477271    09-Sep    9    18    52.7    51.8    39.9    40.1    17.3    15.6    35.3    32.1    63.6372    52.1    50.9    35.6    35.5    0    0    51.5    49.5    43.7    40.4    63.6372
Canisius    95.6143    113.461    0.122595    08-Oct    8    18    45.6    52.3    36.9    32.7    20.1    15.5    29.6    30.6    63.8418    42.7    55.9    33.7    32.2    0    0    57.2    60.1    36.9    47.5    63.8418
Wake Forest    115.223    101.695    0.807871    10-Jul    10    17    52.8    51    34.1    39    16.8    21.3    32.7    32.4    70.3691    54.1    56    34.1    30.3    0    0    53.8    61    43.5    47.3    70.3691
Florida Atlantic    115.344    104.72    0.752353    12-Jun    12    18    54.5    50.4    31.6    35.9    17.8    17    33.2    27.3    70.584    55.9    48.7    35.1    35.5    0    0    48.7    48.1    42.2    37    70.584
Northeastern    110.202    115.642    0.364908    06-Nov    6    17    53.6    55.7    33.8    42.8    17.1    19.3    27.8    33.3    70.0452    53.4    57.4    36    35    0    0    56.7    46.3    36.8    34.7    70.0452
Robert Morris    110.416    114.345    0.400814    11-Aug    11    19    52.9    51.4    29.5    48.6    18.7    16    38.2    30.6    65.028    52.1    51.3    36.1    34.5    0    0    62.4    50.8    40    34.3    65.028
Seattle    105.586    99.3789    0.667466    13-Jun    13    19    51.4    47.1    34.6    34.3    17.1    20.9    26.3    34.2    68.816    50.9    47.8    34.7    30.6    0    0    53.4    52.8    38.3    37.2    68.816
Villanova    121.841    102.104    0.884154    14-Mar    14    17    55.2    51    29.8    27    15.4    18.8    36.1    31.6    63.3037    56    50.1    36.1    35    0    0    54.6    50.8    45.5    38    63.3037
Howard    98.6846    107.185    0.278839    10-Aug    10    18    47    50.8    40.6    42.5    20.1    21.5    31    31.6    68.7552    45.7    51.9    33.1    32.5    0    0    57.2    48.8    33.8    36    68.7552
Utah St.    123.326    100.447    0.913715    15-Jan    15    16    59    47.3    38.2    39    16.9    22.3    36.9    31.2    68.9321    61    45.9    37.2    32.9    0    0    58.7    47    37.2    42.8    68.9321
Marist    101.605    98.1269    0.598832    11-May    11    16    50.1    43.8    24.4    40.3    17.1    21.7    29    27    67.1547    52.2    45.1    30.9    27.8    0    0    58.9    47.4    36.6    38.2    67.1547
Portland St.    105.58    105.36    0.506002    10-May    10    15    52.9    48.3    36.7    47.4    18.9    17.5    32.1    28.5    69.2921    53.3    49.8    34.8    30.7    0    0    54.2    56    36    38.5    69.2921
Denver    116.368    123.318    0.339146    09-Nov    9    20    52.9    57.9    35.9    35.5    15.2    13.6    29.8    36.5    68.6036    52.2    58    36    38.5    0    0    39.3    45.3    37.5    37.7    68.6036
Cal St. Northridge    109.53    110.461    0.475682    11-Aug    11    19    51.5    52.3    37.5    35.7    18.2    15.3    31.9    25.8    73.5393    52.7    52.4    32.8    34.8    0    0    57.3    56.2    35.2    48.5    73.5393
Maryland    109.53    106.069    0.591297    07-Oct    7    17    46.8    53.7    43    32.9    18.7    17.8    33.6    31.1    67.7377    46.7    53.2    31.2    36.3    0    0    45.4    60.8    44.9    40.5    67.7377
Rice    108.828    113.729    0.375986    08-Oct    8    18    47.1    52.4    39    38.9    18    17.6    33.9    35.2    65.6151    43.5    51.3    34.8    36.1    0    0    46.1    49.5    41.5    35.8    65.6151
Abilene Christian    106.765    111.47    0.378496    10-Aug    10    18    48.6    56    39.4    54.9    20.9    21.7    32.9    30.5    65.746    48.1    54.8    33.1    39    0    0    53.7    51.7    31.2    32.4    65.746
Rider    95.5435    114.409    0.111825    Feb-14    2    16    41.5    52.2    31.1    31.5    19.4    12.9    32.8    33.6    65.217    42.9    51.7    25.4    35.3    0    0    43.4    53.2    28    38.8    65.217
Boston College    101.802    102.125    0.490899    07-Oct    7    17    46.3    46.5    35.6    34    15.9    15.3    29.8    28.9    65.917    48.2    46.9    29.3    30.4    0    0    47.5    48.2    44    36.4    65.917
Arizona    125.446    92.9395    0.969206    17-0    17    17    57.1    45.8    42.2    29.7    16.2    18.3    41    24.5    72.0079    57.7    44.2    37.1    32.4    0    0    58.4    50.5    27.6    36    72.0079
Penn St.    115.889    109.173    0.665196    09-Aug    9    17    53.5    55.8    32.2    26.3    13.8    19.5    28.8    30.2    67.4134    56.3    57.1    32.8    36.2    0    0    48.7    58    39    43.7    67.4134
Hawaii    106.221    96.8566    0.742954    13-Mar    13    16    52.9    43    42.3    34.5    19.5    17.8    32.9    25.5    69.4837    56.4    44.1    31.6    27.1    0    0    52.7    37.7    38.6    31.9    69.4837
San Diego    106.952    109.346    0.436709    07-Dec    7    19    50.8    53.5    28.2    38.8    18    20.4    26.8    38    69.8807    51.5    57.5    33.2    31.7    0    0    58.8    56.4    44.9    40.2    69.8807
UC Davis    110.698    111.846    0.470373    10-Jul    10    17    54.5    52.3    40.7    41.8    19    18.4    26.1    31.3    69.2489    56.3    51.2    34.8    35.9    0    0    60    54.7    43.9    39.3    69.2489
LSU    120.83    105.313    0.829296    12-May    12    17    56    48    43.7    33.7    16.1    14.9    33.7    28.4    67.772    58.8    45.7    34    34.3    0    0    52.6    46.9    36    40    67.772
Fresno St.    104.146    102.248    0.552677    08-Sep    8    17    50.6    51.3    31.3    29.6    19.8    20    29.5    29    68.6618    52.3    57.3    32.1    28.8    0    0    53.6    51.1    41.5    42.5    68.6618
UMKC    97.6742    116.524    0.11616    Apr-15    4    19    47.3    55.9    32.4    32.7    19.5    16.5    28.5    36.2    69.4231    48.6    57    29.8    35.9    0    0    45.6    51.5    34.3    37.1    69.4231
Baylor    123.53    108.102    0.822623    11-Jun    11    17    54.4    48.9    38    26.3    16.2    15.6    39.5    34.1    68.4185    53.9    48.5    36.8    33.1    0    0    53.9    47.3    39.1    34.1    68.4185
Oral Roberts    102.679    113.944    0.231986    May-14    5    19    48.9    54.6    35    42.7    18.9    16.5    27    36.6    67.8368    49.6    54.3    32.1    36.7    0    0    46.7    45    46.2    36.5    67.8368
Ohio    107.616    112.471    0.375786    10-Sep    10    19    51.7    52.6    36.6    34.1    17.7    17.1    29.9    33.8    69.597    56.5    52.2    29.2    35.4    0    0    44.4    48.9    37.8    35.2    69.597
Winthrop    114.09    113.303    0.519903    12-Aug    12    20    50.5    52.5    40.9    36.7    14    16.8    35.3    29.3    68.5188    51    53    33.3    34.6    0    0    50.2    46.6    44.2    42.8    68.5188
Northern Illinois    99.5097    114.477    0.166404    05-Nov    5    16    48.2    55.9    39.9    40.2    23.3    17.2    34.5    32.9    68.1803    48.8    59.6    31.7    33.3    0    0    51.9    52.4    45.7    38.3    68.1803
Georgia Tech    107.727    106.297    0.538367    10-Aug    10    18    50.4    46.8    36    33.7    18.9    16.1    32.3    29.8    70.8673    49    48.4    35.6    29.8    0    0    63.8    56    30.7    43.2    70.8673
Kent St.    113.712    111.408    0.558583    14-Apr    14    18    54.2    54.1    44.4    40.4    18.7    16.8    35.4    29.8    72.6324    54.4    52.3    36    37.6    0    0    59.4    58.1    45.6    43.1    72.6324
High Point    119.3    110.368    0.709922    16-Apr    16    20    55.8    50.8    43.5    36    13.2    21.4    32.1    30.4    70.0482    57.8    52.4    35.3    32.4    0    0    53.1    53.5    42.1    41.6    70.0482
Weber St.    111.456    111.951    0.487284    10-Aug    10    18    52    51.1    40.6    38.3    16.6    16.7    32.9    29.9    69.1393    51.3    55.4    35.6    29.1    0    0    49    47.7    33    36.9    69.1393
Maine    91.8806    111.834    0.0944837    Mar-16    3    19    48    49.9    35.2    35.5    21.3    18.7    24.1    36    65.0332    49.7    52    29.9    30.7    0    0    49    51.9    35.5    36.8    65.0332
Radford    107.417    117.617    0.260515    10-Sep    10    19    50.2    52.9    41.1    43.9    16.1    18.3    29.6    33.2    72.1455    52    52.4    32.2    35.7    0    0    48.1    52.8    47.6    38.1    72.1455
Kansas    122.411    95.0003    0.948598    13-May    13    18    53.9    44.5    32.9    27.5    15    14.3    28.9    29.5    67.8698    53.8    45.4    35.9    28.8    0    0    54.5    47.9    37.3    43.4    67.8698
SMU    124.224    104.877    0.875105    13-Apr    13    17    56.1    49.8    35.9    34.3    16.2    18.7    35.9    31.3    69.1156    57.4    51.7    35.7    31.6    0    0    56.5    59.6    33.6    44.4    69.1156
Richmond    113.213    108.322    0.624308    13-May    13    18    54.9    50.3    39.9    30.5    14.7    17.8    27.4    28.5    68.5513    51.7    53.1    39.6    31.3    0    0    56.3    45.5    41.1    45.9    68.5513
Providence    122.144    110.671    0.756637    09-Sep    9    18    54.9    51    35.6    32.6    15.3    14.5    30.9    32.2    73.0579    56.9    47.3    34.8    37.5    0    0    51.5    57.3    41.4    41.1    73.0579
Louisville    124.863    100.421    0.924504    12-May    12    17    55.4    45.9    36.3    36.3    15.9    17.6    35.2    26.7    70.5068    60.1    44.2    34.3    32.3    0    0    60.4    47.9    54.3    40.6    70.5068
Davidson    110.006    105.345    0.621968    11-Jun    11    17    53.6    50.9    35.1    35.2    16.9    17.1    28.4    30.3    64.5568    51.5    52.5    37.6    32.2    0    0    54.9    47.3    43.6    37.4    64.5568
North Florida    110.793    125.049    0.1991    Mar-15    3    18    52.2    57.3    24.1    34.4    18.9    13.6    23.4    41.1    71.069    51.8    61.1    35.1    34.2    0    0    52.5    52.9    52.7    38.7    71.069
Missouri St.    108.822    109.317    0.486938    10-Jul    10    17    49.5    50.8    47.1    40.7    17.6    17.7    32.2    34.5    64.7625    53.1    50.8    29.9    33.9    0    0    56.3    53.4    43.6    37.3    64.7625
Vanderbilt    126.207    95.1009    0.962829    16-Jan    16    17    57.8    46    38.4    42.7    13.5    19    31.5    26.9    71.0466    60    48.3    36.8    28.3    0    0    58.9    46    44.9    40.3    71.0466
Washington St.    110.626    107.894    0.571404    08-Nov    8    19    53.2    52.7    34.2    36    19.1    14.7    29.9    25    67.5615    54.6    52.2    34.3    35.5    0    0    47.1    49.6    44.7    40.8    67.5615
Akron    124.145    110.049    0.799948    13-Apr    13    17    59.5    51.7    28.9    33.6    15.2    18.8    34.6    32    71.8424    60.9    52.1    38.4    34.1    0    0    58.8    51    43    44    71.8424
Bowling Green    109.861    105.071    0.625432    11-Jun    11    17    52.6    51.3    39.4    42.3    16.8    21.5    30.5    27.7    68.4033    53.5    53    33.9    32.7    0    0    51.2    57.3    35.3    43.6    68.4033
Memphis    107.115    97.8806    0.738226    08-Aug    8    16    48.5    47.5    34.4    40.1    20.3    19.7    35.8    35.5    69.1989    48.5    49.8    32.2    29.7    0    0    54.1    56.8    36.1    43.6    69.1989
Central Arkansas    106.369    109.135    0.426725    08-Oct    8    18    50.5    53.9    29.7    28.5    17.3    17.5    28.3    28.2    68.0299    52.6    58.2    32.2    33.5    0    0    59.7    61.2    49.8    53.2    68.0299
Murray St.    118.507    108.343    0.737152    15-Mar    15    18    56.3    48.5    39.7    30.9    16.6    16.7    35.2    32.3    72.3865    56.7    48.3    37.3    32.6    0    0    53.5    40.8    45.8    24.1    72.3865
American    106.964    110.346    0.411442    10-Aug    10    18    50.9    54.1    28.2    47.3    15.9    19.4    24.8    32.1    68.0061    52.5    54.9    32.6    35.1    0    0    49.4    51    45.9    36.1    68.0061
Notre Dame    112.873    102.285    0.756352    10-Jul    10    17    53.3    48.4    33.6    31.9    18.3    14.2    33.2    23.8    65.1622    52    50.2    36.8    30.8    0    0    46.7    51.3    42    45.5    65.1622
Creighton    118.393    104.073    0.814949    11-Aug    11    19    54.7    49.1    27.2    23.5    15.9    14    30.1    31.5    66.2612    57.2    48.6    34.7    33.3    0    0    57.6    48.7    48.9    31.3    66.2612
Duke    122.424    96.0958    0.941844    16-Jan    16    17    57.7    46    42.7    24.2    16.4    19.6    36.5    25.9    68.5351    62.9    46.1    34.6    30.6    0    0    60.5    51.9    47.3    43.2    68.5351
Indiana St.    107.405    110.457    0.420124    09-Sep    9    18    51.6    50.3    31.1    25    17.6    15.5    24.3    31.4    69.2211    57.8    51.7    29.7    31.7    0    0    65.6    41    47.5    33.2    69.2211
UCLA    118.65    102.163    0.848186    12-May    12    17    54.3    48.4    37.5    36.8    15.3    20.5    31.7    32.2    65.9093    53.9    51.8    36.7    29.4    0    0    57.5    58.9    34.7    44.3    65.9093
Pacific    111.101    108.246    0.574284    12-Aug    12    20    52.6    49.8    34.8    36.7    21.2    15.6    36.8    25.3    65.4103    52.6    48.1    35    34.7    0    0    55.9    49.4    37.7    41.9    65.4103
Texas A&M    119.277    101.452    0.865466    13-Apr    13    17    56.7    50.7    41.4    36.9    16.3    21.4    34.6    31.3    72.9865    58    51.4    36.9    33.1    0    0    65.1    59.3    48.2    41.6    72.9865
North Texas    99.6389    100.088    0.487068    10-Jul    10    17    47.1    47.4    38.5    48.4    19.3    22    31.5    34.5    64.8785    47.7    49.6    30.6    29.1    0    0    53.1    48.6    34.4    36.5    64.8785
Nevada    118.564    106.274    0.778771    12-May    12    17    49.2    51.4    45.9    42    13.8    17.9    33.6    30.4    65.6445    45.9    51.7    37.5    34    0    0    58    58.5    31.6    41.9    65.6445
UTSA    95.5088    114.985    0.105817    Apr-13    4    17    42.3    53    32    33.2    18.3    15.4    29.5    37.3    69.0597    43.2    51.7    27.5    36.3    0    0    45.4    57.4    44.6    45.9    69.0597
Mississippi Valley St.    89.1797    119.711    0.0327388    Jan-17    1    18    43.9    57.7    31.4    47.5    24.2    16    26.7    36.6    67.7492    44.4    57.5    28.5    38.5    0    0    52.3    65    29.3    47.3    67.7492
Gardner Webb    97.771    121.956    0.0729779    Feb-17    2    19    46.1    58.4    32.6    35.2    20.2    13.9    23.1    36.9    71.0856    46    60.8    30.8    36.8    0    0    42.7    58.5    41.9    42.5    71.0856
Prairie View A&M    103.206    114.003    0.241557    08-Sep    8    17    47.2    54    43.6    54.4    16.3    20.2    24.8    36.8    72.5969    45.7    52.9    33.9    37.4    0    0    41.9    54.1    30.4    36.2    72.5969
Chattanooga    104.125    115.075    0.240509    08-Oct    8    18    51.7    52.6    33.3    45    14.2    15.1    20.1    31.3    66.602    53    52.7    33.6    35    0    0    58.4    56.4    49.5    42.3    66.602
Georgia Southern    110.101    116.072    0.352657    13-Jun    13    19    50.5    51.5    42.7    39.1    14.4    18.8    29.2    36    71.7558    52.4    52.8    32.2    32.8    0    0    40.4    44.6    46.6    38.3    71.7558
Northern Arizona    102.96    115.31    0.213706    06-Dec    6    18    49.9    54.4    29.1    31.7    17.5    16.9    25.6    32.4    65.225    49.1    53.2    34.3    37.4    0    0    49.5    52.6    33.3    41.5    65.225
Nebraska    121.289    95.5925    0.93923    17-0    17    17    56.3    46.4    29.5    23.5    13.4    19.2    27.6    27    67.9322    60    47.1    35.2    30.5    0    0    63.9    57.5    51.3    51.4    67.9322
Yale    120.865    111.763    0.711018    12-Mar    12    15    55.3    52.8    39.3    31.7    14.2    16.4    34.7    31.1    66.7548    52.9    52.2    40    35.7    0    0    54.3    49.7    34.7    45.8    66.7548
Tennessee Martin    103.67    110.594    0.322238    14-Apr    14    18    50.2    47    46.3    37.9    20.9    18    36.2    31.9    64.886    52.3    48.8    31.9    29.5    0    0    53.7    54.6    45.7    40.1    64.886
Morehead St.    104.752    117.903    0.204227    08-Oct    8    18    47.9    52.8    35.7    38.2    19.7    15.7    35.4    37    65.819    48.5    53.1    31.2    34.9    0    0    48.9    59.8    32.5    41.8    65.819
Tennessee    120.157    95.1966    0.935703    12-May    12    17    54.1    45.5    39.8    35.3    18.9    18    43.9    28.7    67.2046    55.3    46.9    34.6    29.2    0    0    61.1    46.6    34.1    46.4    67.2046
Texas St.    103.084    110.181    0.317416    10-Sep    10    19    49.1    52.5    31.8    39.8    20.4    19.3    34.8    29.2    66.7846    49.9    50    31    38.1    0    0    49.6    46.8    24.8    35.6    66.7846
Jackson St.    100.077    115.704    0.158608    Mar-13    3    16    45.1    56.3    30.5    41.6    20.5    15.9    23.2    40.2    71.3653    43.7    58.9    31.2    35.3    0    0    47.4    65.4    44.8    43.2    71.3653
Mississippi    114.35    104.561    0.736766    10-Jul    10    17    52.2    49.8    35.2    37.6    15.3    18.2    31.2    31.3    65.2733    51.6    47.7    35.4    35.1    0    0    54.7    57.6    38    41.8    65.2733
Wyoming    116.922    107.326    0.728049    11-Jun    11    17    53.7    50.4    39.7    52.7    17.2    18.2    35.6    26.3    67.7415    55.5    51.2    34.2    32.7    0    0    55    39.9    42    35.6    67.7415
Minnesota    112.849    101.027    0.781198    10-Jul    10    17    53.3    48.9    45    31.8    16.9    17.8    31.2    28    63.6287    56.3    47.9    33    33.6    0    0    75.5    57.5    43.3    40    63.6287
Illinois    129.969    97.7418    0.963636    14-Mar    14    17    56    45.7    33.9    19.9    14.5    12.4    39.3    27.3    66.5541    59.4    45    34.9    31.2    0    0    49.8    48.6    47.9    39.8    66.5541
LIU    108.123    111.444    0.41389    10-Jul    10    17    52.6    52.2    34.8    33.6    20.6    18.3    37.5    35.5    68.9199    52    52.3    36.1    34.6    0    0    51.4    48.8    29.5    32.2    68.9199
UTEP    103.514    113.292    0.261526    06-Nov    6    17    46.5    52.7    31.4    45.4    18.2    18.8    29    34.6    64.3451    46.3    52.8    31.3    35    0    0    47.5    54.1    39    37.9    64.3451
Loyola Chicago    105.903    118.729    0.211703    May-14    5    19    49.3    51.8    35.3    34.9    20    12.7    33.8    32.8    66.2763    52    48.1    30.9    37.8    0    0    58.6    60.1    46.6    43.9    66.2763
Texas    124.148    105.622    0.865115    11-Jun    11    17    54.3    48.7    50.2    38.1    15.3    15.3    38.2    27.5    68.4818    56.2    46.7    34.2    35    0    0    45.1    47    38.9    34.6    68.4818
Maryland Eastern Shore    97.1598    112.112    0.161638    Jul-13    7    20    46.7    50.3    28    39.8    22.8    16.7    29.5    33.3    63.7582    49.4    51.8    27.8    32.2    0    0    58.4    56.7    35    41.2    63.7582
Western Illinois    92.7578    116.08    0.070483    Apr-14    4    18    42.9    52.9    39.3    39.3    19.1    15.9    30.2    33    65.6337    43.4    52.1    27.9    36.2    0    0    33.9    46.2    29.4    35.6    65.6337
Fairleigh Dickinson    100.475    119.655    0.118252    05-Dec    5    17    46.1    57.1    32.5    39    18.9    16.4    30.2    28.9    67.0466    46.6    56.4    30.4    38.5    0    0    52.6    59.2    50.8    45.3    67.0466
Cornell    119.586    122.046    0.441724    07-Aug    7    15    58.4    57.5    31.8    39.9    16.8    15.2    29.4    30.4    74.2525    56.9    57    40    38.9    0    0    67.7    53.7    51.6    38.2    74.2525
West Virginia    115.037    101.122    0.814971    11-Jun    11    17    53.1    47.1    40.1    28.4    16.8    18.5    31.3    26.9    63.3886    51.7    44.2    36.6    34.4    0    0    54.5    57.8    43.7    38.9    63.3886
Oklahoma    120.256    109.798    0.74005    11-Jun    11    17    55.2    49.2    34.4    30.9    14.4    15.5    35.4    30.8    66.5541    56.6    47.8    35.6    34.3    0    0    52.8    50.2    45.4    39    66.5541
Queens    115.91    118.871    0.42798    10-Aug    10    18    55.8    55.1    33.1    37.1    15.8    13.9    32.1    33.7    69.3372    58.7    54.8    35.3    37    0    0    56.5    53.8    49.7    41.4    69.3372
Southern Illinois    105.304    103.742    0.542847    08-Oct    8    18    50.7    49.5    34.5    33.6    17.8    17.8    31.4    29.6    70.5154    54.2    51.1    27.5    31.5    0    0    47.6    54.4    27.3    40.8    70.5154
San Diego St.    113.936    97.6572    0.854835    12-Apr    12    16    53.4    47.7    35.2    35.4    18.1    20.6    31.2    31.6    68.5643    52    46.9    37.4    32.3    0    0    57.6    59.6    33.7    49    68.5643
Nebraska Omaha    107.818    116.847    0.283964    08-Nov    8    19    52.1    54    35.7    34    17.5    14.2    26.4    31.7    67.0846    52.2    56.2    34.7    34.2    0    0    50    57.8    41.8    44.7    67.0846
East Texas A&M    98.4082    109.799    0.221052    07-Nov    7    18    47.9    54    31.3    35.3    21.3    17.9    25.3    33.2    69.88    49.4    52.8    30.8    37.2    0    0    64.1    57.4    46.4    38.6    69.88
DePaul    106.928    101.546    0.644238    11-Jul    11    18    51.3    47.6    40.3    36.4    17.6    18.9    29.5    31.4    67.4683    51.4    45.6    34.1    34.3    0    0    63.6    57.1    38.3    33.8    67.4683
UT Rio Grande Valley    105.082    107.837    0.426135    06-Nov    6    17    51.6    49.6    24.5    37.6    18.6    17    26.9    31.6    67.6942    50.3    50.4    35.6    32.3    0    0    57    60.6    40.8    41.3    67.6942
Chicago St.    99.5566    119.903    0.10541    Feb-15    2    17    43.3    57.8    32.3    40.5    17    19.1    28.8    38.8    67.5265    42.1    63    30.8    35.6    0    0    43    72.7    28.4    53.9    67.5265
South Dakota    109.471    117.717    0.302559    10-Sep    10    19    50.2    56.6    44    32.7    18.2    16.8    34.3    32.1    71.2303    49.7    59.1    34.1    33.8    0    0    41.7    48.4    32.6    30.2    71.2303
Montana St.    111.157    108.375    0.572362    09-Aug    9    17    53.2    50.7    29.4    36    16.1    15.5    28.6    30.1    65.8416    56    51.7    33.2    32.5    0    0    39.3    44.2    45.3    35    65.8416
Oklahoma St.    117.703    106.072    0.767912    13-Apr    13    17    54.6    51.1    40.8    32.8    16.9    16.5    30.8    28.1    74.0808    55.7    51.7    35.1    33.5    0    0    51.3    59.2    35.3    45.8    74.0808
Wagner    104.568    116.697    0.220626    06-Sep    6    15    50.7    50.2    32    45.2    18.9    14    32.3    32.3    66.9773    46.7    49.3    38.8    34.5    0    0    52.1    59.1    35.1    35.6    66.9773
Bethune Cookman    105.559    112.517    0.324287    05-Nov    5    16    48.3    54.5    34.4    41.9    18.1    15.9    26.1    35.9    68.7585    47.3    54.5    33.6    36.4    0    0    48.9    53.6    32    34.5    68.7585
Wofford    108.693    115.379    0.334818    11-Jul    11    18    50.4    53.9    39.3    35.6    14.4    15.7    31.9    30.8    68.7767    48.4    52.1    35.3    38.1    0    0    55.1    48.8    45    35.6    68.7767
Cal Poly    104.718    111.342    0.330634    07-Dec    7    19    49.8    53.8    39.3    37    21    15.9    29.4    27.9    74.911    49.6    56.2    33.3    33.7    0    0    45.5    54    53.1    42.1    74.911
Towson    102.026    105.495    0.405053    10-Sep    10    19    45.7    50.7    27.9    29.9    17.6    16.1    37.1    27.4    63.6911    49.3    54.6    26.3    30.2    0    0    38.7    46.4    37.1    42.3    63.6911
Delaware St.    89.2772    111.254    0.0737294    May-13    5    18    41.5    54.9    27.8    37.4    20    21.1    25.4    32.1    67.3698    40.1    57.2    30    34.1    0    0    46.6    58.4    29.1    39.1    67.3698
Norfolk St.    98.6488    113.077    0.172244    07-Dec    7    19    46.4    50.6    38.8    42.3    19.1    17.4    30.9    33.1    67.0718    45.2    55.7    33    29.2    0    0    46.5    63.5    29.5    43.1    67.0718
Vermont    110.93    116.545    0.361733    11-Jul    11    18    53.9    52.7    30.3    37    14.5    13.5    25.6    22.7    64.8001    56.9    51.8    33.4    35.9    0    0    47.3    51    44    42    64.8001
Liberty    117.362    109.314    0.693573    14-Mar    14    17    59    49.6    29.7    26.2    13.8    17.4    20.9    35.3    64.153    59.7    48.1    38.9    34.8    0    0    59.9    47.2    45.2    37.3    64.153
UNC Wilmington    110.274    107.466    0.573611    16-Feb    16    18    50.6    46    44.2    26.7    15.8    15.2    37.3    27.1    64.7989    49.6    47.7    34.9    29.2    0    0    52.4    48.3    37.5    43.4    64.7989
Le Moyne    105.946    115.388    0.272551    07-Oct    7    17    51.9    50.4    36.1    35.7    19.3    15.3    28.7    32.4    68.8861    51.7    45.8    34.8    38.1    0    0    56.1    57.6    40.8    40.4    68.8861
Presbyterian    101.556    114.439    0.202071    09-Oct    9    19    48.9    51.8    37.5    37.7    20    16    34.9    30.6    63.1732    50.5    50.4    30.1    36.3    0    0    51.7    49.7    30.4    36.1    63.1732
Michigan    128.361    89.6909    0.984054    15-Jan    15    16    59.4    42    39.4    27.5    15.9    17.3    34.5    27.8    74.2675    64.2    39.9    35.3    29.9    0    0    60.6    40.7    42.6    42.5    74.2675
Bellarmine    110.619    124.56    0.203433    06-Nov    6    17    56.9    58.3    39    34.4    17.1    15.4    20.5    35.7    65.474    60.6    60    34.4    37.8    0    0    52.5    58.9    41.7    51.8    65.474
East Carolina    98.3102    109.577    0.223089    05-Dec    5    17    44.4    52.7    39.4    36.1    18.5    16.8    32.9    30.7    69.609    46.3    51.2    26.8    36.7    0    0    46.2    55.3    31.2    39    69.609
Northwestern    119.987    106.7    0.794087    08-Sep    8    17    52.7    47.9    40.1    35.1    12.3    17.2    30    34.5    66.6373    55.8    50.1    31.3    29.7    0    0    65.5    60.7    34.9    39.7    66.6373
Eastern Illinois    96.8542    109.831    0.190621    07-Nov    7    18    45.5    50.9    32    35.4    19.8    18.4    26.1    36.4    65.9588    45.1    55.5    30.9    29.6    0    0    51.1    59.1    32.3    41.7    65.9588
Buffalo    115.442    116.25    0.479951    13-Apr    13    17    55.8    52.4    46.6    31.5    15.1    18.5    28.7    33.2    66.7046    54.1    55.3    38.6    32.5    0    0    53.5    59.9    44.7    44.5    66.7046
Northern Kentucky    110.195    110.571    0.490193    14-Jun    14    20    53.8    54.5    33.7    36.2    16.8    19.7    33.3    32.2    69.6053    55.2    54.3    34.7    36.6    0    0    55.6    54.2    43.6    40.2    69.6053
Valparaiso    106.474    107.093    0.48334    08-Oct    8    18    45.8    49.5    38.7    39.7    16.3    17.2    33    31.8    66.1043    44.7    50.7    31.6    31.6    0    0    47.2    48.9    37.6    36.7    66.1043
Mercyhurst    99.4828    111.21    0.217298    07-Oct    7    17    48    50.8    26.1    43.3    16.1    19.9    26.4    33.5    64.1202    49.6    50    29.7    34.9    0    0    52.6    53.3    31.2    34.5    64.1202
Elon    116.83    115.425    0.534731    11-Jul    11    18    55.9    54.5    33.4    34.4    16.1    16.4    34.8    32.9    67.7589    56.7    54.5    36.5    36.3    0    0    55.3    58.1    43.5    45.4    67.7589
Appalachian St.    106.113    109.313    0.415407    11-Aug    11    19    50.2    48.1    35.8    34.6    15.3    14.3    30.7    31.4    62.4627    52    47.5    31.9    32.5    0    0    47.7    54.3    42.8    43.2    62.4627
West Georgia    102.599    117.31    0.176414    09-Aug    9    17    47.7    54.8    28.9    35.3    16.4    15.1    31.5    31.6    69.0501    46.5    56.9    33.4    34.2    0    0    44.7    54.3    32.3    38.2    69.0501
Cleveland St.    107.307    122.967    0.172715    May-14    5    19    52.1    55.9    40    34.9    19.4    14.8    29.4    39.5    69.1297    49.1    59.1    36.8    34.7    0    0    56.7    59.7    49.4    45    69.1297
Mississippi St.    113.235    104.056    0.725571    10-Jul    10    17    51.1    48.3    32.8    32.5    15.4    14.1    32.3    30.4    69.0491    53.8    49.5    31.3    30.9    0    0    44.3    48.5    39.3    39.9    69.0491
Utah Tech    106.486    110.77    0.388511    09-Oct    9    19    51.1    51.9    28.2    36    18.3    18.8    28.9    33.8    67.0738    53.9    54.8    31.1    30.8    0    0    51.3    49.3    38.6    34.4    67.0738
St. John's    121.586    97.7857    0.924508    12-May    12    17    53.1    47.7    43    31.2    16.2    20.9    37.8    32.4    70.6841    52.8    47.9    35.8    31.7    0    0    56.6    45.8    36.6    34.5    70.6841
Long Beach St.    107.445    113.905    0.338173    07-Nov    7    18    50.3    55    28.2    42.4    17.4    17.8    28    27.9    68.137    51.7    55.2    31.7    36.4    0    0    47    53.6    34.2    36.2    68.137
Samford    104.915    117.134    0.219781    09-Sep    9    18    49.5    52    42.1    31.9    13.1    13.2    25.6    29.1    67.2364    50.6    49.7    32.1    37.4    0    0    55.6    47.7    45    35.5    67.2364
Eastern Washington    109.671    116.961    0.322975    Mar-14    3    17    51    58.7    31.4    37.6    18.7    17.8    31.6    34    69.1407    51.4    59    33.6    38.8    0    0    47.5    50.2    35.6    39.9    69.1407
Kansas St.    115.4    105.246    0.74254    09-Aug    9    17    54.7    50.6    30.2    37    16.9    17.6    33    31.8    73.4415    54.8    52    36.3    32.2    0    0    61.9    54.9    42.4    37.6    73.4415
Pepperdine    99.2271    108.292    0.2679    Jun-14    6    20    46    52.6    35    25.7    19.2    17.3    28.1    33.3    66.6986    48.2    54.8    28.4    33    0    0    57.5    54.8    40.8    41.9    66.6986
Charleston    107.514    109.966    0.435521    11-Jul    11    18    50.1    49.5    43.6    28.4    16.4    14.2    30.7    31.4    67.9089    53.6    49.9    30.2    32.7    0    0    49.5    54    42.1    43.9    67.9089
UC San Diego    115.24    108.957    0.655839    13-May    13    18    55.3    49.5    31.7    30.5    15.2    16.1    28    29.8    67.3094    58    49.8    34.6    32.7    0    0    52.4    53.6    44.1    44.7    67.3094
Grambling St.    105.136    111.246    0.343062    08-Sep    8    17    51.5    52.9    48.4    41.9    21.7    21.4    29.3    36    68.2605    51.2    53.6    34.7    34.3    0    0    51    51.2    35.7    35.7    68.2605
Texas Southern    100.327    113.13    0.200812    03-Dec    3    15    47    57.1    37.7    47.2    20.5    16.4    25.3    33.4    69.8893    47.3    59.4    31    36.1    0    0    40.7    57.7    32.6    43.5    69.8893
Central Connecticut    105.74    114.731    0.281211    09-Jun    9    15    50.9    50.4    30.5    24.2    15.8    15.3    27.5    31.8    65.4076    48.6    49.4    36.8    34.6    0    0    52.1    52.8    34.9    41    65.4076
VMI    100.718    118.301    0.13582    06-Dec    6    18    45.9    55.3    32.9    36.9    17    18.1    29.2    39.8    67.2004    47.2    56.9    29.8    35.4    0    0    49    61.6    52.9    43.4    67.2004
Auburn    125.88    106.124    0.876881    10-Jul    10    17    54.1    52.8    45.5    32.5    15.4    17.4    39.8    31    67.9684    55.8    53    34.4    35    0    0    49.9    51    40    40.6    67.9684
New Orleans    112.814    117.562    0.38364    06-Nov    6    17    49.4    50.7    40.8    40.7    20.7    13.8    35.3    35.5    69.2885    49.1    49.6    33.3    34.8    0    0    50.7    62.3    37.9    41    69.2885
Idaho St.    113.885    114.555    0.483137    10-Aug    10    18    54.9    51.9    40.7    37.9    18.2    16.2    34.1    31.9    64.1786    54.6    56    36.8    30.2    0    0    49.2    48.6    44.8    38    64.1786
Columbia    109.284    108.202    0.528586    12-Apr    12    16    55.2    49.3    30    31.5    20.2    14.6    37.2    26.8    68.0234    54.2    47.6    37.9    34.9    0    0    55.3    56.5    37.5    36    68.0234
IU Indy    106.015    120.813    0.182033    May-15    5    20    50.9    59.3    23.6    47.2    15.8    20.2    28.2    37.7    75.7993    54.2    60.1    31.1    38.7    0    0    60.5    52.1    44.4    36.7    75.7993
Western Carolina    104.875    114.957    0.258168    06-Oct    6    16    47.9    55.9    31.5    40.4    19.5    14.9    32.2    27.8    69.1706    48.4    55    31.3    38.1    0    0    46.3    52    37.9    45.7    69.1706
Eastern Kentucky    108.218    118.319    0.26382    06-Dec    6    18    50.7    55    26    35.5    17.6    14.1    31.6    32.4    67.3013    50.9    56.9    33.6    34.7    0    0    50.2    52.6    51.7    39    67.3013
Penn    110.546    113.006    0.437075    08-Jul    8    15    51    52.1    36.5    29.1    16.7    15.5    31.8    31    70.0136    46.5    55.6    39.6    30.9    0    0    56.2    49.4    34.8    37.9    70.0136
South Carolina St.    95.3805    120.133    0.0657852    Mar-15    3    18    45.3    55.8    38.1    50.9    20.9    16.7    30.9    40    68.8166    42.7    60.6    34    32.9    0    0    49.1    62.6    31.9    43    68.8166
Idaho    111.421    112.497    0.472405    10-Jul    10    17    51.3    53.4    38.5    38.8    15.2    15.8    29.9    27.3    66.4819    51.5    53.5    34.1    35.5    0    0    46    45.4    50.1    38.8    66.4819
Stony Brook    103.947    109.664    0.350773    10-Sep    10    19    48.4    50.3    27.2    33.9    17.1    17.4    28.3    33.2    64.6775    46.5    48.6    33.9    35.2    0    0    53.5    54.5    43.9    39.5    64.6775
Evansville    99.8549    107.993    0.288848    May-14    5    19    48    53.3    35.4    34.2    20    16.8    23.7    29.3    68.344    49.6    52.8    30.3    36    0    0    55    52.7    40.2    41.2    68.344
Saint Peter's    103.394    108.022    0.376704    09-Jun    9    15    44.8    48.9    36    50.3    17.3    21    34.6    34.1    66.1904    45.2    49.1    29.4    32.3    0    0    51.6    57.9    41.4    37.1    66.1904
Virginia    125.798    96.7695    0.953336    15-Feb    15    17    56.3    43.3    37.3    36    15.7    16.6    40.3    30.2    66.1307    56.9    43.6    37    28.6    0    0    59.7    48.4    46.3    38.2    66.1307
UCF    121.981    104.822    0.851124    14-Feb    14    16    55.5    50.1    31.9    34.6    16    17.3    37.8    27.1    69.2842    54.9    51.2    37.9    32.3    0    0    54.1    53    34.6    42.4    69.2842
Drexel    104.701    108.426    0.400822    09-Oct    9    19    50.1    47.6    30.7    37.7    19    17.3    34    30.7    63.8453    47    48.4    36.2    30.8    0    0    56.4    48.4    42.6    33.8    63.8453
Charleston Southern    105.834    109.177    0.411533    11-Sep    11    20    52.9    45.7    31.3    42.7    16.9    12.1    29.2    29.8    71.515    53.9    45.1    34.6    31.3    0    0    56.3    41.1    49.8    32.3    71.515
Northern Iowa    105.365    97.144    0.717933    12-Jun    12    18    51.7    46.1    27.5    31.1    14.2    17.9    21.4    25.9    62.2852    52.9    50.7    33.2    26    0    0    60.7    51.9    41.4    39.2    62.2852
South Carolina    115.021    105.17    0.736854    10-Jul    10    17    53.7    48.6    36.7    32.1    14.5    14.3    28.5    30    65.7518    59.7    50.1    31.4    30.2    0    0    55.6    52.7    47.4    32    65.7518
Lamar    101.733    107.46    0.347551    09-Aug    9    17    46.8    50.6    30    46.8    18.2    19.2    34.2    29.3    65.0113    45.9    49.5    32.3    34.9    0    0    54.5    54.8    34.1    38.7    65.0113
Kentucky    117.485    100.694    0.85491    11-Jun    11    17    55    47.7    34.3    33.4    14.8    17.1    33.6    26.1    68.4316    57.3    49.2    34.3    30.3    0    0    59.2    60.3    40.2    41.7    68.4316
Lafayette    101.684    117.803    0.155499    Apr-14    4    18    49.4    54.6    31.7    33.2    16.6    14.6    25    31.6    67.7223    47.3    53.3    35.1    37.8    0    0    54.2    59.2    39.8    37.5    67.7223
VCU    120.558    107.035    0.797093    12-Jun    12    18    55    49.3    44.8    36.6    15.7    17.9    33.6    30.2    69.8443    55    48.4    36.6    34.2    0    0    53.6    51    45.4    32    69.8443
Wisconsin    120.292    101.914    0.870635    12-May    12    17    54    50.4    36.7    33.8    14.3    15.4    29.4    24.5    70.0957    57.1    51.8    34    32.1    0    0    56.9    50.8    50.9    38.5    70.0957
Alabama    133.055    104.12    0.943748    12-May    12    17    55.3    47.7    35.9    37.1    12.8    13.3    33.3    33.3    73.3397    58    47.3    35.3    32.3    0    0    53.8    44.7    53.2    35.4    73.3397
Tennessee Tech    99.4858    115.817    0.148302    07-Nov    7    18    48.4    53    32.7    34.1    20.1    15.7    28.5    31.1    68.4629    50.8    49.7    29.6    38.8    0    0    47.2    57.2    37.3    39.1    68.4629
NJIT    96.3617    113.611    0.130826    08-Nov    8    19    45    51.1    33.8    38.1    18.7    15.7    25.1    33.8    68.7166    44    51.2    30.8    34    0    0    47.6    54.9    42.9    40.6    68.7166
North Alabama    103.261    117.796    0.180276    06-Oct    6    16    48.1    54.1    35.9    32.1    16.1    13.9    30.8    33.5    65.8673    47.6    55.1    32.8    35.3    0    0    40.8    60.6    35.6    46.8    65.8673
Alabama A&M    102.153    114.275    0.215941    09-Aug    9    17    46.6    53.1    43.4    39.3    17.2    16.6    28.1    27.9    65.6601    46.5    54    31.2    34.6    0    0    45    56.9    34.8    40.1    65.6601
Cal Baptist    108.713    104.524    0.611093    13-Jun    13    19    48.4    47.9    36.2    38.6    18.8    16.8    40.1    26    65.671    49.1    48.3    31.3    31.4    0    0    43.3    45.6    31.5    33.3    65.671
Dartmouth    107.359    110.57    0.416065    08-Jul    8    15    54.4    50.5    38.6    28.4    19.2    14.5    26.8    31.8    70.6702    49.7    54.7    39.5    29.2    0    0    54.2    44.2    48.4    38.6    70.6702
La Salle    104.402    109.548    0.365087    May-13    5    18    45.7    54.7    37.4    31    18.9    16.6    34.4    32.1    65.0228    46    53.5    30    37.5    0    0    56.9    61.3    29.8    42    65.0228
Tulsa    122.948    109.832    0.785376    14-Mar    14    17    57.4    51    45.6    32.5    15.8    16.2    32.8    27.3    68.2061    54.3    49.9    40.9    35.1    0    0    56.5    52.2    44.7    41.9    68.2061
Incarnate Word    106.713    109.352    0.430226    08-Sep    8    17    48.7    52    33.4    41.5    15.3    17.1    30.6    32.5    66.532    46.6    55.3    34.7    30.6    0    0    44.2    52.5    37.5    35.6    66.532
St. Thomas    114.648    108.19    0.660773    15-Apr    15    19    58.5    53.5    36    33.4    13.8    19.2    20.6    27.6    69.0193    63.2    53.8    35.2    35.3    0    0    56.6    53.6    44.7    40.7    69.0193
Grand Canyon    107.045    97.2276    0.75142    10-Jun    10    16    49.9    48.9    36.5    37.8    17.5    18.7    32.8    24.6    68.3017    53.1    49.6    29.8    31.8    0    0    50.6    49.2    38.7    40    68.3017
Michigan St.    117.246    91.4501    0.945708    15-Feb    15    17    53.2    45.8    38    29.3    18.6    16.7    40.2    22    66.1501    53.2    46    35.5    30.4    0    0    69.2    58.6    36.6    47.4    66.1501
Cal St. Fullerton    107.572    111.588    0.396137    08-Nov    8    19    50.6    56.1    39    37    15    19.1    25.6    29.9    74.3637    50.4    57.2    34    36.6    0    0    51.8    56.8    40.7    46.4    74.3637
Southeastern Louisiana    101.192    109.074    0.296818    05-Dec    5    17    45.3    52    41.6    44.8    17.5    20.1    28    31.9    65.8287    48.6    50.9    27    35.9    0    0    52.7    50.8    40.2    37.9    65.8287
UC Riverside    104.804    115.256    0.251006    06-Dec    6    18    49.4    54.7    36    36.5    20.3    14.4    26.2    31    67.8356    50    54.6    32.2    36.7    0    0    48.1    48.4    35.9    32.7    67.8356
Clemson    117.603    95.6121    0.915344    15-Mar    15    18    53.1    46.1    39.1    35.9    14.1    17.8    31.3    24.8    65.5347    55.8    47.7    33    29.2    0    0    51.9    44.1    42.4    41.3    65.5347
Colorado    117.493    108.646    0.710991    12-May    12    17    54.6    51.1    40.5    33    14.8    15.4    32.7    28.5    69.6891    54.6    49.7    36.3    35.8    0    0    55.1    48.2    31.3    35.5    69.6891
Coastal Carolina    101.479    109.756    0.288704    10-Sep    10    19    46.8    47.1    30    37.9    14.2    13.3    25.1    27.4    68.7386    44.7    45.4    33.3    33.3    0    0    41.5    40.9    40.2    37.1    68.7386
North Carolina A&T    104.18    116.434    0.217735    07-Sep    7    16    49.7    52.4    45    42.2    19.2    14.8    33.2    27    69.8867    51.3    49.8    31.1    38    0    0    49    63.2    34.3    36.3    69.8867
Washington    116.608    102.375    0.817118    10-Jul    10    17    50.3    48.8    36.3    31.7    15    15.7    35.8    29.9    67.6741    51.9    49.5    31.5    31.7    0    0    48.6    50.1    33.9    37    67.6741
Colorado St.    121.943    113.931    0.686018    11-Jul    11    18    59.4    54    38.2    34.4    18.7    14.7    32.6    30.1    62.0918    57.1    54.8    41.1    35.4    0    0    60.5    47.9    49.3    46.3    62.0918
UMBC    105.2    116.718    0.232392    09-Jul    9    16    53.4    52.6    31.1    24.2    17    15    24.7    28.2    66.1204    53.5    51.8    35.5    36.1    0    0    52.2    45.2    40.2    33.5    66.1204
Louisiana Monroe    101.828    121.299    0.117931    Mar-15    3    18    50.3    56.6    36.3    26.4    18.6    16.1    22.9    35.3    71.629    47.4    58.6    36.2    35.6    0    0    53.1    59.1    42.1    38.7    71.629
The Citadel    99.4652    123.611    0.075904    Apr-14    4    18    48.5    57.3    28.6    35.7    18.4    13.3    29    32.7    64.2755    50.3    58.6    30.9    37    0    0    47.1    52.2    45.9    42.6    64.2755
Hofstra    115.418    108.197    0.677657    13-May    13    18    51.9    47.5    34.6    36.4    17    16.2    34.6    31.5    65.9517    48.8    44.9    37.6    34.1    0    0    50.2    54.5    40.3    40.2    65.9517
UMass Lowell    103.994    115.326    0.233349    08-Nov    8    19    50.3    54.2    39.4    30.5    20    15.5    30.6    32.6    69.775    50.1    54.3    33.8    36.1    0    0    47.4    51    31.2    36.1    69.775
South Alabama    105.693    109.256    0.405812    13-May    13    18    51.8    48.6    40.9    20.5    14.9    18.6    26.5    33.6    64.7481    54.2    51.8    31.4    31.1    0    0    43.9    70.7    33.7    62.3    64.7481
Butler    116.864    103.82    0.795928    10-Jul    10    17    52.8    49.7    40.4    22.5    16.9    15.5    37.5    29    70.7325    53.5    50.4    34.3    32.2    0    0    57.8    51    37.4    33.6    70.7325
SIU Edwardsville    98.2567    109.948    0.215359    10-Aug    10    18    47.5    47.1    32.6    36.4    17.5    17.9    31.8    33    65.5655    45.9    47.7    33.7    30.9    0    0    49.3    50.1    35.1    42.7    65.5655
Northern Colorado    113.191    111.391    0.545943    11-Jul    11    18    55.4    51.2    30.2    39.1    16.4    13.2    27.5    25.8    68.8428    57.5    54.7    35.2    29.2    0    0    55.2    36.2    43.4    33    68.8428
Iowa    121.682    97.2633    0.92929    12-May    12    17    58.8    49.4    36.6    38.2    16.1    22.4    32    28.4    64.3681    60.3    51.1    37.7    31    0    0    60.3    50.4    40.6    36.9    64.3681
Florida A&M    100.871    113.336    0.207539    05-Sep    5    14    48    54.3    36.8    43.7    21.5    18.9    26.4    35.8    69.5398    47.9    54.7    32.2    35.7    0    0    50.2    50.9    38.9    35.7    69.5398
TCU    115.148    98.9445    0.851207    11-Jun    11    17    52.4    48.2    35.7    31.2    15.9    20.2    33.6    28.4    67.7633    53    47.6    34.3    32.9    0    0    59.2    60.2    39    37.1    67.7633
Middle Tennessee    111.05    102.663    0.711584    10-Jul    10    17    50.5    48.1    27.5    37.4    17.2    15.1    29.5    30    65.3369    49.6    50.5    34.5    29    0    0    51.7    47.9    44.2    33.9    65.3369
Oregon    115.591    105.792    0.734741    08-Sep    8    17    50.7    49.9    37.4    32.3    18.7    15.9    37    30.8    67.0141    51.2    50    33.5    33.1    0    0    59.6    49    45    40.7    67.0141
Harvard    108.006    109.458    0.46167    08-Aug    8    16    53.7    52.7    23.6    27.5    17.7    18.3    26.8    28.9    64.3306    52.8    53.9    36.9    33.9    0    0    53.7    52.2    36.2    40.1    64.3306
Florida    122.649    94.7131    0.951312    12-May    12    17    52    46.5    40.3    36.2    17.2    15.8    43.7    23.5    70.2968    58.8    44.7    27.9    33.4    0    0    52.4    44.7    40.4    33.4    70.2968
Saint Joseph's    105.703    106.363    0.482113    11-Jul    11    18    46.9    49.5    32.9    29.3    16.8    15.8    33.1    31.8    67.69    51.4    48.6    27.5    34.1    0    0    58.3    49.1    44.5    36.4    67.69
Saint Mary's    122.248    102.582    0.882577    17-Feb    17    19    53.9    47.3    40    23.8    17.1    15.4    37.6    24.7    65.9894    52.1    47.8    38.1    31    0    0    57.2    54.2    34.9    37.5    65.9894
Texas A&M Corpus Chris    102.013    103.553    0.457038    09-Aug    9    17    45.9    50.3    37.2    46.2    17.6    19.2    31.4    28.8    66.3699    45.3    51.9    31.4    31.6    0    0    51.9    58.1    30.2    35.4    66.3699
Ohio St.    120.436    103.782    0.847033    11-May    11    16    56.5    47.9    39.2    32.3    15.8    16    33.3    29.5    67.8473    60.1    50.4    34.1    29.4    0    0    56.3    51.1    39.7    40.9    67.8473
Florida St.    113.928    109.203    0.619436    07-Oct    7    17    50.8    53.7    34.2    37.9    16.5    21.3    33.1    34.5    73.3232    53.9    54.8    32    34.8    0    0    54.4    58.9    52.6    43.1    73.3232
Seton Hall    110.305    94.8295    0.850494    14-Mar    14    17    48.4    45.7    37.9    42    16.1    22.6    35.6    31.1    66.3316    48.9    44.6    31.4    31.5    0    0    53    54    28.4    41.4    66.3316
North Carolina    121.509    100.973    0.89369    14-Mar    14    17    55.2    45.6    41    24.1    14.7    13.8    35.1    26.8    67.8144    58.6    43.4    33.8    32.7    0    0    59.7    49.4    42.2    38.4    67.8144
Houston Christian    104.991    117.208    0.219956    05-Dec    5    17    50.4    56.1    35.2    29.8    18.7    16    28.6    31.3    64.3329    52.3    57.4    31.5    36.1    0    0    58.1    54    37.3    40.8    64.3329
Lehigh    101.449    114.094    0.20572    07-Nov    7    18    50.8    51.3    32.9    37.5    18.2    18    22.6    34.7    68.1992    49.9    51.3    34.7    34.4    0    0    51.9    47.7    39.8    28    68.1992
Navy    102.011    105.852    0.395311    12-Jun    12    18    49.9    47.6    42.3    29.6    17.7    18    29.3    27    66.8242    49.8    49.8    33.4    29.8    0    0    59.3    53.1    34.3    42.7    66.8242
Saint Francis    96.1394    116.863    0.0957926    Apr-13    4    17    46.4    60.1    24.3    35.4    19.2    18.7    25    35.5    69.6305    44.5    61.7    32.9    38.6    0    0    52.5    60.4    38.4    43.4    69.6305
Santa Clara    122.528    104.382    0.863327    15-May    15    20    54.2    52    25.9    39.4    16.9    21.1    39.7    30.8    69.8899    57.5    52.8    33.5    33.8    0    0    57.9    61.3    45.5    38.2    69.8899
Loyola Marymount    104.852    103.154    0.546806    11-Sep    11    20    51.8    47.3    29.5    32.1    17.5    17    27.6    33.1    67.9436    50.6    45.9    35.7    33.3    0    0    50.3    50.3    41.9    35.6    67.9436
Delaware    102.384    111.853    0.265579    05-Dec    5    17    52.6    48.8    25.7    30.3    18.6    15    22.2    30.5    63.3283    50    48.3    37.1    32.9    0    0    57.1    55.1    44.8    42.2    63.3283
Miami OH    117.867    106.331    0.765757    18-0    18    18    59.9    49.2    38.7    32.1    15.8    18.4    26    26.3    70.8789    60.8    50.5    39.2    31.2    0    0    53.9    47.7    46    36.6    70.8789
New Mexico    115.045    98.9021    0.850522    14-Mar    14    17    53.5    47.4    36    29.9    15.8    20.1    30    28.2    69.669    55.7    51.7    33.7    28.8    0    0    50.7    51.1    44    50.6    69.669
Coppin St.    93.1841    126.133    0.0298353    Mar-17    3    20    44.9    58.3    34.6    42.7    22.3    16    27.5    35.8    69.4707    42.9    56.7    32.2    40.1    0    0    54.9    63.9    35.8    45.1    69.4707
Temple    114.444    112.244    0.555573    11-Jun    11    17    51.5    50.3    44.5    31.6    13.9    15.5    29.2    30.2    65.8756    49.8    50.6    36.3    33.1    0    0    50.8    52.6    36.1    38.9    65.8756
Monmouth    104.103    108.051    0.39458    08-Oct    8    18    47.8    49.3    36    31.5    17.2    19.3    31    34    65.9992    46.6    47.4    33.6    35    0    0    54.9    53.6    31.9    38.7    65.9992
Southern    103.959    111.61    0.306475    06-Nov    6    17    46.9    55.5    37.3    44.7    17.7    18.1    30.4    33.8    71.3902    44.6    55.2    34.7    37.3    0    0    44.1    55.5    31    40.5    71.3902
Southern Miss    104.691    108.104    0.408798    11-Aug    11    19    49.5    51.9    41.5    37.7    18.6    17.4    32.8    28.7    67.7883    52.9    50.4    27.6    35.9    0    0    45.8    51.8    29.2    42.1    67.7883
California    112.956    103.246    0.737621    13-May    13    18    52.8    47.8    38.1    32.7    14.6    17.3    26.7    32    67.0384    52.3    49.8    35.7    30    0    0    56.9    56.5    42.3    41.2    67.0384
Georgia St.    98.3362    110.092    0.214399    06-Dec    6    18    43.2    50.1    35.9    36.3    17.7    17.1    27.3    35    69.1332    42.9    50.2    29.1    33.3    0    0    49    51.9    44.5    40.4    69.1332
Miami FL    120.153    101.001    0.880462    15-Feb    15    17    57.4    48.7    39.2    32.8    15.7    20.2    38.7    27.5    70.1027    60.4    46.8    34.4    34.2    0    0    57.1    53.9    33.7    40.8    70.1027
Georgia    121.588    103.177    0.868555    14-Mar    14    17    54.8    46.6    42.4    30.2    14.1    19.7    37.2    33.4    75.3457    60.1    46.5    31.9    31.3    0    0    48.2    46.6    43.3    35.3    75.3457
North Dakota    104.294    116.881    0.212432    09-Dec    9    21    47.5    57.8    38.6    47.1    15.8    20.5    27.8    32.3    68.1635    48.1    58.4    31.1    38    0    0    42.8    58.8    40.7    43    68.1635
Princeton    101.583    107.538    0.34183    06-Nov    6    17    49.3    51.5    35.2    37.5    18.3    15.1    26    25.6    65.7604    48.6    55.7    33.4    30.1    0    0    55.7    48.5    47.9    40.1    65.7604
Saint Louis    122.534    101.423    0.897935    16-Jan    16    17    60.2    42.4    35.1    37.7    16.8    15.8    34.2    25.6    71.9554    61.3    42.7    39.2    27.9    0    0    59.8    47.5    44.1    39.8    71.9554
Arizona St.    117.577    107.795    0.730831    10-Jul    10    17    52.3    52.8    41.3    38.8    16    19.4    30.8    33    69.8898    53.5    53.3    33.6    34.7    0    0    51.8    52    38.5    43    69.8898
Purdue Fort Wayne    106.085    113.507    0.314805    11-Aug    11    19    51.9    55.7    28.3    27.6    15    20.3    22.5    37.7    68.2018    54.6    54.7    32.7    37.9    0    0    52    57.1    48.4    45.9    68.2018
Iona    104.746    108.809    0.3923    12-Jul    12    19    52.3    49.1    27.4    26.6    16.9    16.5    25.5    31.1    71.2776    51.7    51.6    35.5    30.2    0    0    53.3    57.1    43.2    39.4    71.2776
Stetson    103.071    118.676    0.165034    07-Nov    7    18    50.3    56.9    32.8    31    19.4    16.2    24.5    32.8    68.0427    51.9    59.5    32.3    35.4    0    0    54.1    53.8    45.7    41.4    68.0427
Marshall    109.84    112.251    0.437906    11-Jul    11    18    53.5    49    30.1    41    17.9    16.5    32.4    32.3    69.8322    53    49    36.1    32.6    0    0    59.5    48.2    44.8    39.4    69.8322
Eastern Michigan    103.978    106.307    0.43664    09-Sep    9    18    49.9    49.8    31.7    31    17.3    17    28.8    28.9    65.8632    49.3    50.9    34.3    31.9    0    0    50.6    51.1    31.2    36.2    65.8632
Niagara    98.0234    120.391    0.0859866    05-Dec    5    17    48.3    54    27.2    37.3    17.6    17.1    23.1    35.8    62.3095    49.3    53.2    31.2    36.8    0    0    57.8    52.7    40.6    41.6    62.3095
Campbell    109.235    113.024    0.403191    09-Sep    9    18    48.8    56    47.7    35.1    19    17    33.6    31.6    70.6677    50.3    55.6    30.9    37.9    0    0    43    52.2    37.3    30.8    70.6677
Mercer    113.855    111.705    0.554597    11-Jul    11    18    53    52.7    33.6    28.8    16    18.1    32.5    34.8    69.7357    53.3    50.7    35.1    37    0    0    47.1    49.4    39.7    41.3    69.7357
Lindenwood    104.231    109.564    0.360348    11-Jul    11    18    48.2    49.9    39.5    36.6    18.2    18.1    33.6    31.7    72.4917    50.8    50.9    28.2    32.1    0    0    49.5    50.9    31.1    35.4    72.4917
St. Bonaventure    113.118    111.493    0.541498    11-Jun    11    17    52.1    52.2    27.9    34.3    17.2    17.7    37.4    30.1    67.2675    50.7    53.3    36.9    33.6    0    0    53.4    54.4    31.3    37.6    67.2675
Oregon St.    108.513    111.005    0.435078    10-Oct    10    20    50.8    49.4    44.1    38.3    18.2    16    25.8    33.3    65.6551    49.4    50.4    35    32    0    0    59.7    53.3    46.9    40.8    65.6551
Lipscomb    108.007    108.603    0.484187    11-Jul    11    18    52.9    52.4    28.4    32.2    16.8    18.4    26.2    30.6    70.6098    52.1    54.3    35.9    33.1    0    0    66.2    47    48.2    41    70.6098
Kennesaw St.    108.843    110.069    0.467834    11-Jun    11    17    49.9    48.6    44.2    49.2    18.4    16.2    38    30.9    73.8319    51.5    46.3    31.9    35    0    0    50.1    46.2    43.1    37    73.8319
James Madison    108.924    116.983    0.305584    09-Sep    9    18    52.1    51.1    35.6    42.5    16.9    13.2    30.5    31.9    65.2981    50.9    50.5    35.8    34.7    0    0    51.6    50    44.6    39.3    65.2981
Georgetown    114.928    108.422    0.661529    09-Aug    9    17    48.9    50.2    43    37.7    13.4    17    31.8    29.6    67.3165    49.9    48.4    31.2    35.3    0    0    57.1    51.4    34    39.8    67.3165
USC Upstate    100.523    111.108    0.240233    09-Oct    9    19    48.3    49.6    35.5    40.2    17.4    16    27.4    31.2    68.5825    48.4    48.8    32    34.1    0    0    43.1    46.2    34.2    35.3    68.5825
Morgan St.    96.7506    124.702    0.0512415    Apr-13    4    17    44.4    58.1    40.5    56.2    19.1    17    30.5    32.4    69.236    45.6    61.5    28    35    0    0    52.2    63.5    33.1    37.8    69.236
New Hampshire    98.8581    111.028    0.208312    04-Dec    4    16    46.1    52.7    25.7    38.6    17.8    15.1    24.7    30.7    67.447    45.7    53    31.1    34.8    0    0    41.3    50.3    40    37.1    67.447
Iowa St.    123.295    94.8572    0.953266    16-Jan    16    17    58.2    48.5    34.8    27.9    15    23.9    37.8    28    68.8507    57    48.6    40.3    32.2    0    0    58.1    55.1    35.7    40.1    68.8507
Alcorn St.    99.1013    116.506    0.134627    Feb-13    2    15    47.6    58.5    24.7    39.7    22.1    17.8    27.4    40    70.9854    43.5    61.7    36.8    35.7    0    0    44.4    53.9    34.8    39    70.9854
Purdue    130.526    98.1327    0.963751    16-Jan    16    17    59.4    48.8    27.4    22.1    14.4    16.2    38.4    26.7    66.0358    59.5    50.3    39.5    31.3    0    0    65.4    54.3    38.4    45.2    66.0358
Drake    109.267    111.412    0.44434    09-Sep    9    18    52.2    50.4    32.2    33.5    15.2    14.9    25    29.8    66.3077    50.7    49.7    36.1    34.2    0    0    54.3    52.1    45.7    42.2    66.3077
Marquette    109.129    105.572    0.594123    Jun-13    6    19    47.6    51.7    35    31.5    15.7    19    31.4    32.8    70.2983    48.7    51.7    30.7    34.5    0    0    58.2    58.4    42    37.7    70.2983
Holy Cross    101.919    115.532    0.191273    08-Oct    8    18    49.8    54.9    31.3    26.5    16.7    15.8    21.6    28.1    64.8996    51.4    59.9    31.6    31.8    0    0    46.4    49.9    39.8    40.6    64.8996
Houston    122.841    91.6433    0.966732    16-Jan    16    17    51.3    45.5    25.5    37.7    13.1    23.7    38.2    30.3    63.5957    52.2    45.7    33.4    30.1    0    0    56.3    50.7    42.5    43.2    63.5957
Hampton    101.849    111.776    0.25549    08-Oct    8    18    45.9    50.9    42.5    47.6    18.9    18.2    34.6    31.1    65.8847    48.9    53.4    27    31.1    0    0    46.1    52.5    35.9    37.5    65.8847
Western Michigan    108.418    116.261    0.309352    07-Oct    7    17    50.7    52.8    29.9    39.3    18.5    13.8    31.6    29.9    68.6993    50.4    55.5    34.1    33.2    0    0    52.1    55.8    36.1    47.7    68.6993
New Mexico St.    110.951    107.529    0.589112    09-Jul    9    16    49.9    47.8    34.5    46.6    16.3    16.1    33.1    29.6    66.4888    49.5    47.3    33.7    32.4    0    0    49.8    50    39.8    40.7    66.4888
Ball St.    101.081    113.548    0.207932    May-13    5    18    46.5    55.4    32.9    29.7    16.6    19.1    27.1    33.1    64.4669    46.6    55.2    30.9    37.2    0    0    54.5    56.7    40.2    42.6    64.4669
Milwaukee    106.804    113.599    0.329739    08-Nov    8    19    48.9    54.1    30.6    35.5    15.1    15.5    35    30.1    67.987    50    54.9    31.4    35.3    0    0    48.4    55.7    38.3    39.2    67.987
Portland    106.273    109.213    0.422185    09-Nov    9    20    51.6    52.9    33.3    36.4    19.8    17.7    29.1    32.6    69.5043    55.7    53.1    29.6    35.2    0    0    62.8    63.1    36.3    45.6    69.5043
Albany    104.77    116.537    0.22723    06-Dec    6    18    49.8    53.7    25    35.6    18.7    15.7    32.2    36.5    66.402    51.6    54.6    31.2    34.8    0    0    49    56.8    37.5    40.3    66.402
Tarleton St.    109.506    110.054    0.485658    11-Jul    11    18    51.6    56.4    46    48.9    19.6    24.4    30.9    34.1    71.7819    50.2    58.3    37.1    35.8    0    0    42.7    55.6    25.2    41.9    71.7819
San Francisco    112.592    105.399    0.681183    12-Aug    12    20    51.4    47.1    39.1    32.8    15.9    13.9    32.8    28    65.4721    51.7    47.6    34.1    30.8    0    0    55.6    50.7    47    36.2    65.4721
Bucknell    97.0135    110.066    0.189752    06-Dec    6    18    47.3    55.9    28.6    34.8    20.8    18.8    27.4    29.9    67.1165    46.9    53.9    31.8    39    0    0    55.7    60.8    43.9    43.3    67.1165
Connecticut    122.589    91.3701    0.967077    17-Jan    17    18    56.1    43.3    31.4    40.1    16.9    19.3    34.3    28.3    65.8509    57.6    44.7    35.7    27.1    0    0    63.4    43.5    37.2    34.3    65.8509
New Haven    94.632    111.631    0.130123    07-Oct    7    17    46.2    52.8    25.7    30.4    19.5    17.2    22.3    28.6    63.6841    49    52.9    27.6    35    0    0    47.9    50.1    37.3    41.5    63.6841
Southern Indiana    95.2118    112.673    0.126044    Apr-13    4    17    44.2    49.7    37.4    36.4    16.7    17.1    28.3    34.4    69.0049    43.9    49.1    29.7    34.1    0    0    44.1    43.9    42.7    28.2    69.0049
Florida Gulf Coast    111.473    114.41    0.425772    07-Nov    7    18    52.5    54    29.3    43.9    16.5    16.5    31.7    30.8    68.8394    52.2    54.1    35.4    35.9    0    0    53.2    50.2    38.8    46.4    68.8394
San Jose St.    109.964    114.333    0.389817    06-Nov    6    17    48.8    57    34    32.3    18.2    19.8    32.3    37.1    64.9418    46.9    59    34.6    36    0    0    42.1    58.4    36.9    40.9    64.9418
Utah Valley    112.568    102.39    0.748364    14-Apr    14    18    57.1    48.7    35.1    35.8    21.3    20.2    33.5    29.9    70.3906    59.1    49.6    35.5    31.2    0    0    62.9    52    33.9    33.1    70.3906
Missouri    118.722    104.935    0.805272    13-Apr    13    17    58.4    49.8    41    34.4    18.5    17.6    35.8    29.4    67.5552    60.5    46.4    36.6    36    0    0    53.6    54.8    37.4    44.8    67.5552
Cincinnati    105.706    93.5197    0.803548    09-Aug    9    17    49.6    47.5    33    29    17.2    20.5    29.5    23.6    69.7482    52.5    47.3    30.7    31.9    0    0    66.7    56.7    45.3    41.7    69.7482
South Dakota St.    108.436    111.359    0.424116    09-Oct    9    19    51.4    51.4    33.6    34.8    17    15.8    30.2    28.3    68.3255    52.1    52.5    33.7    33.4    0    0    52.6    54.1    40.6    46.5    68.3255
Boston University    113.216    124.673    0.248136    07-Nov    7    18    57.3    56.4    31.2    36.4    17.6    13.8    28.4    27.8    63.7493    55.8    55    39.5    39    0    0    56    52.7    43.6    41    63.7493
Air Force    94.9644    111.195    0.140095    Mar-14    3    17    49.3    53.3    41.2    34.8    22.3    17    24.1    33    64.6334    52.8    53.8    29.4    34.9    0    0    54.2    54.5    39.9    38.1    64.6334
Bradley    111.438    107.357    0.605663    13-Jun    13    19    51.2    51.9    35.9    40.3    13.6    20.7    27.4    28    68.5761    50.2    50    35    36.3    0    0    48.9    53.8    41.3    42.4    68.5761
Troy    114.783    109.201    0.639518    12-Jun    12    18    53.2    50.8    36    33.8    17.2    18.3    33.9    33.2    67.4642    52.3    50.8    36.1    34    0    0    54.3    50.2    44.7    37.1    67.4642
Gonzaga    124.865    96.1152    0.952995    18-Jan    18    19    58    45.8    31    32.5    14.2    20.2    37    24.9    70.6794    59.1    46.7    37    29.9    0    0    56.8    53    29.9    45    70.6794
South Florida    116.527    104.712    0.773726    11-Jun    11    17    51.2    50.2    43.8    45.2    15.4    19.3    37.3    30.9    72.3878    52.5    48.4    33.1    35.5    0    0    58.8    50.1    45    36.7    72.3878
Stonehill    95.2291    113.764    0.114543    05-Dec    5    17    47.2    50.9    22.1    34.8    21.2    12.3    29.5    25.9    66.9083    44.8    49.8    33.9    35.3    0    0    52.1    44.3    39.7    34.9    66.9083
Loyola MD    103.036    124.458    0.102276    May-13    5    18    50.2    55.7    31.7    33.5    17.8    15.8    29    32.3    68.1803    52.1    57.9    32.1    34.6    0    0    53.5    54.3    47.6    37.3    68.1803
Belmont    118.376    107.066    0.760398    16-Mar    16    19    60.6    47.7    33.5    27.8    19.4    18.3    29.5    29.2    69.4685    60.7    45    40.4    33.5    0    0    59.9    54.1    43.5    51.1    69.4685
Siena    105.336    108.553    0.414342    11-Jul    11    18    48.9    49.4    32.8    29.2    15.6    19    34    28.5    65.2034    51.9    50.9    28.4    31.4    0    0    50.9    47.7    32.1    37.8    65.2034
Southern Utah    100.905    114.782    0.185145    May-13    5    18    47.8    56.3    28.8    27.6    19.7    14.9    26.4    33.8    70.6602    49.6    53.1    29.8    42.2    0    0    48    47.9    36.6    31.5    70.6602
N.C. State    122.18    99.567    0.913219    12-May    12    17    57.5    50.4    34.5    38.7    14.1    20.1    29.8    26    69.4225    55.3    51.7    40.1    32.8    0    0    56.8    52.6    45    48.8    69.4225
Pittsburgh    116.341    106.183    0.740908    08-Sep    8    17    53.1    50.3    31.2    34.9    16.9    17.3    34    28.9    64.8911    53.3    50    35.2    33.9    0    0    50.2    51    40.9    38.2    64.8911
Furman    107.607    106.754    0.522866    13-May    13    18    54.1    49.8    32    24.3    19    14.5    32.3    28.4    67.271    58.8    49.7    32.7    33.3    0    0    57.7    49.5    48    41.1    67.271
Massachusetts    108.122    107.541    0.515486    11-Jul    11    18    52.7    51.1    37.7    45.4    18.3    17.5    32.6    25.1    72.3823    52.2    55.4    35.7    29.9    0    0    61.7    57.1    35.5    40.9    72.3823
Mount St. Mary's    99.1196    110.328    0.225838    06-Dec    6    18    49.1    49.4    33.7    41.6    23.5    15.1    30.1    29    69.1465    50.5    49.3    31.7    33    0    0    57.3    51.1    44.6    45.1    69.1465
Bryant    95.7446    114.536    0.11296    06-Dec    6    18    45.4    51.3    24.1    30    21.6    15.3    27.7    33.1    64.7938    48.1    50.2    28.4    35.5    0    0    54.4    55.8    49.4    35.6    64.7938
Syracuse    114.794    101.049    0.812554    12-May    12    17    53.5    45.6    41.6    31.3    16.6    20.1    31.8    33.5    67.9912    56    45    32.9    31.1    0    0    50.2    52.7    36.7    34.7    67.9912
Jacksonville St.    104.994    110.829    0.349338    08-Sep    8    17    49.3    50.1    42.6    37.7    17.3    15.8    30.2    28.8    63.8708    48    49.9    34.1    33.5    0    0    52.5    52    41.3    43.4    63.8708
McNeese St.    117.544    105.878    0.768879    14-Mar    14    17    52.2    49.4    37    41.4    14.7    24.6    35.9    38.3    67.0722    53.5    48.6    33.3    33.6    0    0    48.8    60.1    35.3    48.1    67.0722
Quinnipiac    107.086    105.146    0.552371    12-Jun    12    18    49.2    48.9    30.5    28.6    16.4    18.5    33.2    34.7    70.5565    47.3    47.8    35.3    34    0    0    49.5    51    32.6    34.9    70.5565
Rhode Island    106.477    103.76    0.573749    10-Aug    10    18    52.7    50.4    36.4    41.8    19.5    21.6    33.6    31.6    66.0478    57.5    48.5    31.1    35.5    0    0    46.1    54.1    44.2    40.9    66.0478
Detroit Mercy    108.339    115.281    0.328653    07-Oct    7    17    46.8    54    31.6    41.8    16.3    14.8    34.8    31.4    70.3162    46.8    54.4    31.2    35.7    0    0    47.5    62.4    32.6    45.5    70.3162
Sam Houston St.    113.741    108.726    0.626824    10-Jul    10    17    51.7    52.2    29.8    39.2    17.4    16.8    37.2    30.9    71.0898    49.9    55.9    36.4    31.7    0    0    49.1    49.7    38.6    45.2    71.0898
East Tennessee St.    109.703    107.945    0.546296    12-Jun    12    18    55.3    49    33.1    36.6    16    20.5    29.2    30.1    66.9328    57.8    50.6    34.3    31.5    0    0    52.5    54.8    39.3    47    66.9328
Duquesne    112.781    111.11    0.542809    09-Aug    9    17    55.6    51.9    37.8    43.6    18.9    17.2    30.3    28.7    71.5456    59.4    51.4    34    35    0    0    57.2    52    45.3    40.4    71.5456
Virginia Tech    115.054    102.292    0.794461    13-May    13    18    52.3    48.9    37.2    27.8    14.2    18.3    32.8    32.7    68.3576    52.5    52.6    34.6    29    0    0    52.2    48    38.6    40.7    68.3576
North Carolina Central    99.3402    118.346    0.11782    07-Nov    7    18    44.5    56.7    43.1    42.6    18.4    17.5    28.2    37.1    67.084    43.6    57.6    30.8    37.1    0    0    59.7    62.2    32.9    45.8    67.084
North Dakota St.    112.31    108.56    0.59639    15-May    15    20    51.8    51.6    32.8    30.3    16.3    20.3    35.4    30.4    66.6873    52.7    51.3    33.7    34.7    0    0    51.9    54.9    43.2    38.6    66.6873
Northwestern St.    105.434    118.988    0.199283    06-Nov    6    17    49.9    56.3    44.1    40.7    19.4    16.7    25.1    34.3    66.0824    48.6    58.8    34.9    35    0    0    49.4    55.1    36.6    39.5    66.0824
Fairfield    109.314    116.652    0.321449    11-Jul    11    18    49.3    50.7    28    30.7    14.5    15.1    35.5    27.6    67.9775    47.8    50.5    34.6    34.1    0    0    43.1    52.7    36.3    35.8    67.9775
Arkansas    127.506    104.256    0.910119    13-Apr    13    17    56.7    50.3    41    28.1    13.2    16.7    33.4    31.3    72.0803    55.4    53    39.1    31.1    0    0    56.8    53.2    37.9    42.3    72.0803
Cal St. Bakersfield    101.841    114.2    0.211288    08-Nov    8    19    45.5    52.5    42.3    44.4    19.7    19.2    33.6    36.5    69.8541    45.9    52.6    29.6    34.9    0    0    43.1    54    28.5    38.2    69.8541
George Washington    121.122    109.819    0.755207    12-Jun    12    18    56.4    51.7    39.9    34.3    17.2    18.1    36.9    28.2    70.598    58.1    53.8    36.1    32.6    0    0    54.2    60.1    44.6    43    70.598
UNC Asheville    104.467    110.962    0.333221    08-Nov    8    19    51.8    51.9    41    39.3    19    15    29.3    31.5    65.9384    49.7    54.4    37.6    31.6    0    0    39.3    47.2    32.3    35.3    65.9384
Dayton    110.169    98.7345    0.779063    14-Apr    14    18    52    50    48.3    30.1    15.8    23.8    26.5    31.5    67.9247    53.9    48    32.9    35.3    0    0    57.7    51.4    42.5    41.8    67.9247
Stephen F. Austin    110.818    100.999    0.744019    14-Mar    14    17    51.2    44.7    27.5    36.7    15.2    16.9    35.3    28.1    65.8208    50.6    45.9    34.7    28    0    0    50.1    45    40.8    31.9    65.8208
Arkansas St.    111.795    108.854    0.576054    12-Jun    12    18    50.2    51.7    38.3    39.8    20.2    15.2    37.6    27    74.0133    53.4    53    30.8    32.7    0    0    52.3    47.1    43.9    34.8    74.0133
Army    103.307    119.704    0.155226    07-Nov    7    18    50.1    55.5    29.5    36.8    16.2    13.8    28.4    26.6    67.1199    49.9    57.6    33.5    35.2    0    0    56.2    54.7    52.2    44.5    67.1199
Oakland    117.313    114.255    0.575376    10-Sep    10    19    51.8    54.7    40    26.4    14.5    15    29.4    34.8    71.847    52.3    57.9    33.9    33.1    0    0    54.2    62.8    33.6    38.9    71.847
Southeast Missouri St.    104.404    113.259    0.281664    09-Sep    9    18    50.6    53.7    35.7    53.6    17    19.5    30.1    27.8    70.4389    53.1    54.2    30.6    35.2    0    0    44.4    44.9    35    35.2    70.4389
Binghamton    95.7333    122.004    0.0579434    Apr-15    4    19    47.2    55.7    47.2    33.7    20.5    14.2    22.8    30.6    66.482    49.4    55    28.6    37.9    0    0    48.8    47.6    32.5    36.5    66.482
George Mason    113.978    106.848    0.677626    17-Jan    17    18    54    48.2    49.8    28.5    14.1    16.5    31.8    28.2    65.2788    54.9    48.6    34.9    31.7    0    0    52.8    51.7    33.3    44.3    65.2788
Old Dominion    103.772    111.93    0.295177    May-14    5    19    48.8    51.1    32.6    42    15.8    14.3    26.1    29.9    69.3179    46.8    52.8    34.7    32.1    0    0    47.7    52.6    38.3    35.7    69.3179
Green Bay    112.435    114.144    0.456732    11-Aug    11    19    54.7    54.7    46.2    37.8    16.5    12.8    23.9    27.1    63.2091    55.2    56.8    35.9    34.8    0    0    52.8    57.9    39.9    44.9    63.2091
UNC Greensboro    106.286    118.674    0.219639    07-Nov    7    18    49.7    55.5    44.9    28.3    16.5    13.2    28.4    29.6    67.6503    48.5    55.3    34.5    37.2    0    0    44.9    50.8    39    45    67.6503
Little Rock    101.583    117.343    0.159951    08-Oct    8    18    50.3    55.7    30.8    30.3    21.4    20    32.6    36.4    66.0317    49.2    55.3    35.3    37.4    0    0    54.2    55.7    30.6    43.1    66.0317
Austin Peay    105.067    104.855    0.505789    11-May    11    16    49.8    52.5    33.4    33.5    15.2    20.9    29.6    28.8    69.3843    49.6    54.5    33.3    33.4    0    0    56.8    59.8    41.1    45.6    69.3843
Rutgers    107.703    108.605    0.476031    09-Aug    9    17    45.8    51    40    29.3    16.1    17.4    34    33.8    65.4705    44.9    48.8    31.7    36.5    0    0    45.7    55.8    34.3    37.7    65.4705
Nicholls St.    109.04    112.05    0.422334    08-Sep    8    17    52.2    55.9    35.2    41.2    17.2    21.5    27.6    33.8    68.9463    50.7    57.1    36    35.9    0    0    54.3    58    45.4    37.1    68.9463
Sacramento St.    103.848    114.902    0.238088    05-Nov    5    16    44.3    55.4    38.9    39.6    15.7    16.6    28.4    34.2    73.0876    44.2    56.4    29.6    35.9    0    0    45.7    60.6    36.5    40.6    73.0876
William & Mary    108.272    105.159    0.583096    12-Jun    12    18    53.9    50.3    39.1    35    18.2    21    26.2    32.2    74.4602    57.3    55.3    33    29.3    0    0    65.5    54.4    43.7    44.6    74.4602
Colgate    110.156    113.293    0.419977    10-Aug    10    18    53    51.4    27.6    32.8    14.7    14.8    25.8    32.8    66.6278    53.1    51    35.1    34.7    0    0    52.6    55.6    34.1    40.3    66.6278
USC    116.599    103.212    0.802575    14-Mar    14    17    53    48    48.7    36.4    17.6    18.1    32.6    32.1    70.6106    53.7    50.7    34.4    29.6    0    0    57.4    51    35.5    42.4    70.6106
Merrimack    104.406    110.754    0.336538    10-Aug    10    18    47.4    49.3    37.6    38.7    15.2    19.7    24.2    42.9    64.1458    48.8    50.7    30.6    30.7    0    0    55.9    53.9    47.7    31.7    64.1458
UNLV    109.32    106.821    0.566091    08-Aug    8    16    50.5    51    48.2    45.1    17.6    19.4    32.9    33.3    72.1047    53.4    52.8    30    32    0    0    54.1    56.9    34.7    38.5    72.1047
Illinois St.    112.475    103.132    0.730531    12-Jun    12    18    54.5    48.8    35.3    37    15.7    17.3    29.8    25.5    66.8476    56.1    49.1    34.8    32.3    0    0    49.5    50.2    41    36.8    66.8476
Manhattan    105.232    121.685    0.15834    08-Nov    8    19    48    54.7    35.2    23.4    15.9    16.7    27.6    38.2    69.2362    47.2    54.1    33    37.2    0    0    48.4    61.3    34.7    37.3    69.2362
Utah    116.475    111.05    0.633793    08-Sep    8    17    53.2    52.8    35.3    30.9    16    14.9    29.2    33    69.3479    52.8    53.8    35.9    33.9    0    0    50.2    45.3    38.5    34    69.3479
Louisiana Tech    98.7469    106.459    0.296332    10-Jul    10    17    44.4    48.4    33.8    32.4    17    17.3    33.5    30    63.13    47    49.7    26.1    31.4    0    0    46.7    57.7    32.5    50.3    63.13
Youngstown St.    107.627    108.695    0.471635    09-Oct    9    19    53.1    50.8    31.2    42.3    19.7    18.3    32.3    33.8    67.2481    54.9    50.6    34.3    34.2    0    0    51.4    47.1    49.8    30    67.2481
Jacksonville    99.753    113.791    0.180326    06-Dec    6    18    48.3    55.7    29.1    42.5    19.3    16    30.2    30    63.2617    49.7    55.4    31    37.4    0    0    47.7    55.2    43.3    37.7    63.2617
Tennessee St.    105.611    114.394    0.285217    11-Jun    11    17    48.9    52.4    33.7    48.2    17.6    19.6    33.1    31.4    71.7257    48.7    54.6    33    32.1    0    0    48.4    53.2    31.3    34    71.7257
Stanford    115.972    103.178    0.793193    14-Apr    14    18    51    51    43    39.3    15.6    20    33.1    28.3    68.253    49.9    51.6    35    33.1    0    0    48.9    42.6    43.1    33    68.253
Longwood    104.353    115.93    0.229731    10-Sep    10    19    48.3    54.3    43.6    41.5    19.4    18.8    33.7    29.2    68.8243    50.9    56.6    29.1    34.2    0    0    51.7    54.1    36.2    42.7    68.8243
Sacred Heart    107.126    118.602    0.236805    Jun-13    6    19    50.4    55    28.5    31.4    19.3    16.2    32    31.7    67.9183    48.5    56.9    34.9    35.1    0    0    57.1    61    50.1    45.5    67.9183
Western Kentucky    109.127    109.07    0.501513    11-Jun    11    17    46.6    50.2    41    42.5    14.3    18    34.5    30.6    70.7533    46.1    49.1    31.7    34.3    0    0    48.3    60.1    37.2    44.8    70.7533
UT Arlington    101.905    100.677    0.534805    12-May    12    17    48.6    46.5    42.2    43.4    21.9    18.6    34.2    28.1    65.7579    49.2    50.5    31.6    25.1    0    0    48.4    48.8    31.9    31.2    65.7579
Fordham    105.333    107.11    0.452035    10-Aug    10    18    49.2    49.5    23    24.7    16.9    14.9    36.9    25.2    63.4264    52.8    47.6    28.8    34.9    0    0    51.5    59.8    37.7    40.2    63.4264
Alabama St.    105.091    117.722    0.213282    05-Dec    5    17    47.3    54.8    36.3    38.9    18.5    18.8    32.2    36.1    68.7897    45.8    55    33.2    36.3    0    0    46.6    59.1    37.1    42.6    68.7897
Wichita St.    112.791    106.993    0.647227    10-Aug    10    18    49.8    48    38.6    34.5    15.2    16.2    39.9    30    65.7251    48.2    49.1    35.2    30.6    0    0    42.4    48    33.9    34.8    65.7251
Texas Tech    123.513    99.4135    0.923874    13-Apr    13    17    55.4    49.6    28.5    32.4    14.7    15.8    34.4    28.5    67.8755    54.3    50.2    37.8    32.4    0    0    55.1    41.8    45.8    35    67.8755
Boise St.    111.894    101.953    0.744586    10-Aug    10    18    49.2    51.6    44.3    36.1    17.6    16    30.9    25    66.7739    49.2    52.3    32.7    33.5    0    0    50.4    46.1    42.3    36    66.7739
]
